1894.97,553.06,1,0,3
1965.16,536.23,2,0,3
1726.38,536.22,3,0,3
1841.74,532.29,4,0,3
2000.61,520.47,5,0,3
2050.83,507.67,6,0,3
1689.27,500.80,7,0,3
1744.56,495.97,8,0,3
1834.87,423.26,10,0,3
1879.56,417.84,11,0,3
1723.39,428.36,12,0,3
1775.43,421.12,13,0,3
1225.47,540.08,1,1,3
1315.91,536.62,2,1,3
1178.52,536.30,3,1,3
1256.98,532.21,4,1,3
1248.47,511.09,5,1,3
1328.51,506.05,6,1,3
1171.28,498.17,7,1,3
1236.86,495.36,8,1,3
1217.96,467.54,10,1,3
1278.62,463.16,11,1,3
1189.76,464.42,12,1,3
1229.78,461.59,13,1,3
1088.62,518.41,1,2,3
1172.54,514.59,2,2,3
1036.99,513.05,3,2,3
1105.54,513.34,4,2,3
1096.84,495.50,5,2,3
1174.19,489.24,6,2,3
1014.22,487.60,7,2,3
1049.77,486.61,8,2,3
1075.45,427.04,10,2,3
1160.04,424.07,11,2,3
1017.85,436.58,12,2,3
1049.67,425.94,13,2,3
676.43,747.02,1,3,3
708.93,657.41,2,3,3
-154.91,806.06,3,3,3
-48.67,690.71,4,3,3
826.30,581.06,5,3,3
839.03,507.65,6,3,3
-293.42,635.18,7,3,3
-311.99,553.93,8,3,3
127.69,291.36,10,3,3
294.96,329.36,11,3,3
-212.89,324.90,12,3,3
-88.60,302.80,13,3,3
