997.80,985.30,1,0,1
885.77,956.93,2,0,2
493.43,994.61,3,0,1
392.05,958.10,4,0,2
1061.36,896.35,5,0,1
993.67,876.01,6,0,2
333.51,842.44,7,0,1
289.39,830.23,8,0,2
309.03,1001.41,9,0,1
835.69,765.63,10,0,1
745.71,745.95,11,0,2
429.36,737.09,12,0,1
379.95,734.41,13,0,2
1243.77,883.49,1,1,3
1254.39,892.74,2,1,3
1466.35,905.50,3,1,3
1488.13,913.53,4,1,3
1200.80,850.24,5,1,3
1213.28,856.25,6,1,3
1546.63,842.89,7,1,3
1554.38,845.69,8,1,3
1290.68,796.93,10,1,3
1303.58,801.00,11,1,3
1529.27,807.11,12,1,3
1539.79,809.49,13,1,3
