507.74,779.15,1,0,2
635.37,782.08,2,0,1
663.25,770.35,3,0,2
794.55,771.81,4,0,1
466.48,741.36,5,0,1
583.43,737.58,6,0,1
740.25,724.65,7,0,2
823.79,717.64,8,0,1
602.21,670.41,10,0,1
694.60,672.26,11,0,1
707.99,664.87,12,0,2
749.11,669.49,13,0,1
302.85,1075.95,1,1,1
-84.62,1022.87,2,1,2
-584.84,1120.20,3,1,2
-826.74,1069.24,4,1,2
370.15,900.76,5,1,1
71.84,859.81,6,1,2
-1006.54,982.16,7,1,2
-1074.78,928.04,8,1,2
-176.95,695.01,10,1,1
-294.00,649.08,11,1,2
-661.46,724.64,12,1,2
-750.37,678.71,13,1,2
1713.38,746.96,1,2,1
1648.83,747.66,2,2,2
1697.54,754.23,3,2,1
1599.69,749.82,4,2,2
1711.89,727.25,5,2,2
1650.45,722.81,6,2,2
1675.41,718.58,7,2,1
1606.44,716.13,8,2,1
1670.58,755.11,9,2,1
1684.40,690.16,10,2,1
1635.83,684.96,11,2,1
1682.86,693.81,12,2,1
1616.04,688.56,13,2,1
85.96,771.09,1,3,2
190.11,777.88,2,3,1
295.74,765.41,3,3,2
397.70,762.48,4,3,1
30.93,716.27,5,3,1
124.09,721.40,6,3,1
394.05,702.87,7,3,2
443.91,703.80,8,3,2
205.00,640.86,10,3,1
259.43,644.10,11,3,1
363.98,630.08,12,3,2
411.41,634.93,13,3,2
1498.77,811.43,1,4,1
1335.30,803.20,2,4,2
1418.58,821.71,3,4,1
1236.60,812.46,4,4,2
1506.27,750.55,5,4,2
1400.97,739.66,6,4,2
1376.72,746.14,7,4,1
1199.58,739.09,8,4,1
1437.02,666.64,10,4,1
1343.62,656.84,11,4,2
1369.15,660.73,12,4,1
1234.29,656.84,13,4,1
1483.07,714.10,1,5,2
1541.28,717.80,2,5,1
1576.39,712.25,3,5,2
1628.13,711.78,4,5,2
1464.20,695.85,5,5,2
1523.20,695.85,6,5,1
1617.07,676.58,7,5,2
1642.96,676.58,8,5,2
1473.37,634.40,10,5,1
1534.45,634.11,11,5,1
1610.13,635.13,12,5,2
1641.75,643.88,13,5,1
1029.97,734.52,1,6,2
1118.10,738.05,2,6,1
1126.69,732.93,3,6,2
1203.42,733.90,4,6,2
1016.71,706.20,5,6,1
1089.49,706.20,6,6,1
1178.68,698.35,7,6,2
1230.77,689.79,8,6,2
1079.50,627.00,10,6,1
1149.43,627.00,11,6,1
1173.69,626.29,12,6,2
1224.35,632.00,13,6,1
