1106.56,668.03,1,0,3
1156.89,676.18,2,0,3
1587.14,652.20,3,0,3
1650.22,663.56,4,0,3
1052.24,598.94,5,0,3
1069.83,605.52,6,0,3
1720.88,548.74,7,0,3
1758.73,548.74,8,0,3
1338.58,484.39,10,0,3
1354.11,491.17,11,0,3
1512.04,474.63,12,0,3
1541.39,483.17,13,0,3
1808.49,595.95,1,1,3
1902.18,596.29,2,1,3
1982.74,592.79,3,1,3
2075.39,596.09,4,1,3
1757.57,546.26,5,1,3
1820.62,547.26,6,1,3
2060.45,530.11,7,1,3
2124.56,530.11,8,1,3
1938.25,471.76,10,1,3
1979.57,477.43,11,1,3
2037.42,469.11,12,1,3
2084.10,470.35,13,1,3
195.05,650.89,1,2,3
80.05,684.83,2,2,3
545.07,638.91,3,2,3
448.49,675.40,4,2,3
52.37,593.42,5,2,3
34.95,603.55,6,2,3
585.24,541.39,7,2,3
513.41,549.88,8,2,3
297.46,491.78,10,2,3
230.55,506.32,11,2,3
571.19,491.19,12,2,3
509.81,494.10,13,2,3
1045.04,565.91,1,3,3
973.37,567.53,2,3,3
1180.31,562.14,3,3,3
1077.38,572.92,4,3,3
1017.02,536.81,5,3,3
970.29,535.90,6,3,3
1195.94,530.88,7,3,3
1121.03,537.89,8,3,3
1075.22,488.30,10,3,3
1030.49,495.31,11,3,3
1145.82,490.46,12,3,3
1085.46,493.15,13,3,3
497.07,549.47,1,4,3
620.66,541.95,2,4,3
689.39,534.96,3,4,3
767.43,526.80,4,4,3
440.73,522.88,5,4,3
526.82,528.58,6,4,3
755.71,492.91,7,4,3
811.12,491.72,8,4,3
442.78,427.54,10,4,3
544.12,419.22,11,4,3
731.79,408.80,12,4,3
797.64,422.84,13,4,3
