1642.01,412.66,1,0,3
1708.06,394.92,2,0,3
1335.54,416.17,3,0,3
1412.79,395.38,4,0,3
1752.92,350.20,5,0,3
1810.29,332.85,6,0,3
1267.21,347.00,7,0,3
1363.50,336.05,8,0,3
1522.92,266.14,10,0,3
1580.13,255.05,11,0,3
1403.25,267.89,12,0,3
1436.53,260.89,13,0,3
144.62,486.15,1,1,3
228.43,473.54,2,1,3
119.10,483.62,3,1,3
196.92,473.86,4,1,3
163.21,454.95,5,1,3
223.71,445.18,6,1,3
112.16,446.76,7,1,3
160.06,441.09,8,1,3
138.32,417.14,10,1,3
196.61,407.06,11,1,3
123.82,415.25,12,1,3
165.73,406.43,13,1,3
1717.67,335.33,1,2,3
1684.81,351.30,2,2,3
1905.02,332.01,3,2,3
1867.00,337.01,4,2,3
1633.24,307.03,5,2,3
1621.37,315.25,6,2,3
1971.87,272.81,7,2,3
1963.65,278.74,8,2,3
1749.62,243.66,10,2,3
1741.20,248.46,11,2,3
1858.84,237.53,12,2,3
1851.53,242.03,13,2,3
553.36,496.98,1,3,3
729.22,469.92,2,3,3
412.17,486.83,3,3,3
565.24,483.89,4,3,3
604.94,425.77,5,3,3
741.90,403.13,6,3,3
357.48,425.26,7,3,3
457.49,411.85,8,3,3
471.29,281.51,10,3,3
632.57,261.99,11,3,3
354.39,305.78,12,3,3
410.61,293.35,13,3,3
708.79,391.90,1,4,3
669.28,397.77,2,4,3
816.36,395.42,3,4,3
753.38,401.68,4,4,3
678.67,374.30,5,4,3
653.63,377.04,6,4,3
837.87,362.17,7,4,3
770.98,369.61,8,4,3
724.70,316.72,10,4,3
700.96,322.27,11,4,3
824.18,308.97,12,4,3
769.03,311.32,13,4,3
