1038.62,528.54,1,0,3
1122.96,523.16,2,0,3
801.92,489.48,3,0,3
881.55,486.95,4,0,3
1114.92,497.01,5,0,3
1190.86,495.50,6,0,3
752.30,435.15,7,0,3
799.58,436.16,8,0,3
958.90,404.11,10,0,3
1022.93,404.59,11,0,3
855.90,389.38,12,0,3
901.67,386.36,13,0,3
501.56,502.59,1,1,3
648.16,504.46,2,1,3
322.67,465.32,3,1,3
437.54,478.01,4,1,3
584.90,471.23,5,1,3
695.93,469.85,6,1,3
298.11,411.51,7,1,3
372.46,409.53,8,1,3
448.85,368.70,10,1,3
547.01,372.91,11,1,3
398.70,355.69,12,1,3
454.02,355.18,13,1,3
1838.89,581.19,1,2,3
1844.07,587.54,2,2,3
2062.21,585.72,3,2,3
2077.96,598.02,4,2,3
1823.58,532.71,5,2,3
1809.67,538.01,6,2,3
2097.15,554.72,7,2,3
2102.56,568.50,6,2,3
1963.42,492.09,10,2,3
1966.46,496.79,11,2,3
2071.20,494.03,12,2,3
2080.24,503.43,13,2,3
322.24,385.99,1,3,3
437.61,392.04,2,3,3
198.03,381.63,3,3,3
261.83,382.62,4,3,3
369.78,365.99,5,3,3
469.82,367.48,6,3,3
172.13,344.11,7,3,3
212.73,345.06,8,3,3
294.95,295.41,10,3,3
380.87,302.42,11,3,3
209.31,286.17,12,3,3
264.32,283.16,13,3,3
