264.92,904.24,1,0,1
12.80,873.72,2,0,2
-392.29,1079.04,3,0,2
-664.20,1043.90,4,0,2
341.16,752.64,5,0,1
199.62,731.29,6,0,2
-902.02,948.31,7,0,2
-1030.44,942.16,8,0,2
-408.94,633.26,10,0,2
-525.47,633.26,11,0,2
-719.69,701.70,12,0,2
-843.62,703.55,13,0,2
1564.29,530.05,1,1,2
1446.78,537.66,2,1,2
1510.71,548.59,3,1,1
1367.60,558.81,4,1,2
1558.29,499.07,5,1,2
1490.15,499.10,6,1,2
1465.89,504.49,7,1,1
1338.50,506.52,8,1,1
1459.34,562.70,9,1,1
1517.11,449.47,10,1,1
1445.48,446.00,11,1,2
1487.65,448.89,12,1,1
1390.59,451.78,13,1,1
271.41,620.20,1,2,2
370.36,613.59,2,2,1
445.34,608.88,3,2,2
545.31,597.56,4,2,1
212.39,579.17,5,2,1
306.70,573.04,6,2,1
513.97,537.18,7,2,2
571.72,532.49,8,2,1
349.30,499.40,10,2,1
417.55,499.40,11,2,1
479.44,485.65,12,2,2
537.08,489.35,13,2,1
855.85,551.21,1,3,1
973.12,535.40,2,3,1
1046.27,526.95,3,3,2
1141.85,514.08,4,3,1
830.54,511.89,5,3,1
933.86,503.47,6,3,1
1146.46,461.28,7,3,2
1207.35,458.49,8,3,2
868.23,399.58,10,3,1
963.84,384.45,11,3,1
1136.36,382.36,12,3,2
1189.86,388.16,13,3,1
