448.88,875.12,1,0,2
581.53,872.55,2,0,1
705.62,850.30,3,0,2
829.71,858.00,4,0,1
388.12,807.51,5,0,2
507.93,811.79,6,0,1
775.93,769.90,7,0,2
864.79,765.57,8,0,1
580.98,714.89,10,0,1
677.81,716.15,11,0,1
743.29,711.30,12,0,2
813.89,723.15,13,0,1
1426.49,813.09,1,1,2
1527.42,814.11,2,1,1
1500.65,815.14,3,1,2
1598.49,811.03,4,1,1
1411.04,777.04,5,1,1
1483.14,779.10,6,1,1
1561.41,768.80,7,1,2
1604.67,766.74,8,1,2
1468.72,729.66,10,1,1
1537.72,729.66,11,1,1
1521.03,725.16,12,1,2
1571.73,727.43,13,1,1
1647.64,796.68,1,2,2
1743.74,801.81,2,2,1
1701.93,798.14,3,2,2
1797.29,794.48,4,2,1
1638.54,766.34,5,2,1
1711.53,770.96,6,2,1
1760.49,759.39,7,2,2
1796.98,760.33,8,2,2
1667.82,730.24,10,2,1
1741.47,730.92,11,2,1
1734.68,724.47,12,2,2
1781.85,726.51,13,2,1
1090.52,817.70,1,3,1
1210.61,811.27,2,3,1
1261.46,799.76,3,3,2
1324.26,801.62,4,3,1
1309.09,792.13,3,3,2
1370.36,800.55,4,3,1
1351.32,787.18,3,3,2
1408.96,795.19,4,3,1
1058.36,757.73,5,3,1
1161.92,759.85,6,3,1
1373.72,746.69,7,3,2
1403.43,748.39,8,3,2
1171.05,629.21,10,3,1
1258.73,630.82,11,3,1
1353.15,608.69,12,3,1
1391.13,615.31,13,3,1
1163.02,625.33,9,3,1
