247.52,860.64,1,0,3
240.48,841.66,2,0,3
-243.06,865.80,3,0,3
-250.41,843.91,4,0,3
364.29,748.24,5,0,3
359.40,716.93,6,0,3
-346.54,774.18,7,0,3
-329.35,734.07,8,0,3
-8.11,623.62,10,0,3
10.87,612.23,11,0,3
-281.85,621.25,12,0,3
-251.77,603.55,13,0,3
655.57,666.93,1,1,3
582.36,668.43,2,1,3
716.23,674.64,3,1,3
644.42,670.03,4,1,3
609.38,644.79,5,1,3
581.52,644.09,6,1,3
767.40,631.05,7,1,3
708.31,626.74,8,1,3
642.83,583.84,10,1,3
594.44,594.49,11,1,3
776.98,584.81,12,1,3
694.14,580.26,13,1,3
393.53,695.05,1,2,3
500.21,696.67,2,2,3
384.95,683.61,3,2,3
485.09,686.14,4,2,3
397.58,663.18,5,2,3
496.97,661.83,6,2,3
394.48,652.37,7,2,3
489.28,651.38,8,2,3
401.90,604.57,10,2,3
482.11,605.92,11,2,3
405.41,602.14,12,2,3
479.16,601.24,13,2,3
