1356.46,391.81,1,0,3
1439.64,391.81,2,0,3
1328.64,387.22,3,0,3
1398.28,392.75,4,0,3
1370.89,367.52,5,0,3
1444.04,365.21,6,0,3
1328.29,359.19,7,0,3
1381.53,359.61,8,0,3
1357.09,335.35,10,0,3
1416.42,332.72,11,0,3
1348.34,332.58,12,0,3
1392.70,329.62,13,0,3
1137.31,409.29,1,1,3
1217.74,406.24,2,1,3
1134.59,400.81,3,1,3
1208.58,401.14,4,1,3
1142.74,375.69,5,1,3
1209.59,371.96,6,1,3
1135.27,370.60,7,1,3
1204.16,368.22,8,1,3
1142.06,346.16,10,1,3
1204.16,342.43,11,1,3
1142.56,341.45,12,1,3
1198.02,338.83,13,1,3
