1693.80,542.50,1,0,3
1612.32,542.01,2,0,3
1632.05,547.04,3,0,3
1538.98,550.22,4,0,3
1691.40,515.36,5,0,3
1652.74,517.41,6,0,3
1597.64,510.50,7,0,3
1529.15,507.39,8,0,3
1649.83,478.37,10,0,3
1610.40,475.87,11,0,3
1629.39,480.53,12,0,3
1563.40,479.37,13,0,3
1310.93,544.23,1,1,3
1375.23,544.91,2,1,3
1405.25,545.41,3,1,3
1482.81,536.90,4,1,3
1290.96,512.59,5,1,3
1347.67,514.95,6,1,3
1491.36,502.66,7,1,3
1520.19,502.66,8,1,3
1316.48,450.20,10,1,3
1389.27,447.37,11,1,3
1454.88,443.94,12,1,3
1503.49,448.45,13,1,3
1297.28,574.62,1,2,3
1126.71,592.23,2,2,3
741.13,661.57,3,2,3
572.48,659.27,4,2,3
1273.02,476.23,5,2,3
1224.66,479.77,6,2,3
168.27,515.40,7,2,3
69.74,526.25,8,2,3
1229.27,325.36,10,2,3
1099.47,306.82,11,2,3
184.12,269.57,12,2,3
60.58,321.67,13,2,3
1909.70,517.12,1,3,3
1853.80,520.32,2,3,3
1877.75,521.92,3,3,3
1803.75,522.98,4,3,3
1919.82,489.44,5,3,3
1891.60,486.78,6,3,3
1856.46,468.14,7,3,3
1788.84,467.61,8,3,3
1900.65,455.36,10,3,3
1874.30,446.35,11,3,3
1852.73,447.91,12,3,3
1796.83,450.57,13,3,3
