1281.91,479.53,1,0,3
1349.05,480.78,2,0,3
1331.70,477.01,3,0,3
1389.04,479.02,4,0,3
1277.64,461.67,5,0,3
1321.90,462.68,6,0,3
1358.36,454.65,7,0,3
1390.69,454.65,8,0,3
1307.35,433.06,10,0,3
1355.88,433.73,11,0,3
1342.08,430.56,12,0,3
1373.75,431.66,13,0,3
240.07,456.26,1,1,3
329.88,459.33,2,1,3
175.32,448.46,3,1,3
249.86,452.49,4,1,3
261.11,426.72,5,1,3
336.02,427.90,6,1,3
166.34,426.25,7,1,3
225.89,428.61,8,1,3
226.98,382.33,10,1,3
292.77,383.48,11,1,3
205.81,380.64,12,1,3
259.34,377.94,13,1,3
