1685.87,802.90,1,0,3
1629.69,844.49,2,0,3
2268.61,725.19,3,0,3
2221.03,790.61,4,0,3
1515.75,751.98,5,0,3
1515.75,780.92,6,0,3
2378.61,631.14,7,0,3
2367.38,679.83,8,0,3
1852.44,574.74,10,0,3
1840.41,594.61,11,0,3
2080.32,547.04,12,0,3
2068.30,564.81,13,0,3
329.47,829.02,1,1,3
243.21,836.78,2,1,3
381.23,830.36,3,1,3
289.36,837.40,4,1,3
271.49,799.39,5,1,3
239.12,808.88,6,1,3
391.43,793.93,7,1,3
310.68,800.54,8,1,3
309.81,756.57,10,1,3
273.03,764.33,11,1,3
370.92,755.86,12,1,3
307.94,760.20,13,1,3
1232.61,716.24,1,2,3
1308.92,702.85,2,2,3
1323.99,694.48,3,2,3
1399.97,683.10,4,2,3
1207.84,693.81,5,2,3
1272.10,685.45,6,2,3
1353.78,656.99,7,2,3
1414.70,646.28,8,2,3
1264.74,636.58,10,2,3
1317.96,628.88,11,2,3
1340.39,617.16,12,2,3
1387.25,615.49,13,2,3
1527.21,655.87,1,3,3
1610.07,644.36,2,3,3
1615.63,639.56,3,3,3
1692.76,623.73,4,3,3
1501.96,626.52,5,3,3
1577.74,611.61,6,3,3
1676.50,584.90,7,3,3
1702.59,579.31,8,3,3
1548.54,571.37,10,3,3
1611.90,558.05,11,3,3
1589.01,557.52,12,3,3
1639.59,552.73,13,3,3
