2063.16,998.13,1,0,3
2234.19,985.82,2,0,3
1819.13,960.88,3,0,3
2001.59,957.09,4,0,3
2150.73,924.25,5,0,3
2308.07,922.88,6,0,3
1769.73,839.65,7,0,3
1919.74,853.71,8,0,3
2069.90,777.32,10,0,3
2154.83,771.01,11,0,3
1816.68,775.16,12,0,3
1903.44,755.09,13,0,3
1398.09,901.67,1,1,3
1558.44,896.92,2,1,3
1270.29,875.71,3,1,3
1406.28,880.57,4,1,3
1456.58,838.44,5,1,3
1576.80,833.78,6,1,3
1247.32,814.81,7,1,3
1330.19,814.81,8,1,3
1369.13,764.89,10,1,3
1469.97,763.89,11,1,3
1275.28,760.89,12,1,3
1390.10,755.90,13,1,3
