845.63,344.65,1,0,2
875.86,340.91,2,0,1
945.51,330.49,3,0,2
978.85,330.49,4,0,2
821.39,328.11,5,0,1
844.91,327.52,6,0,1
967.24,309.06,7,0,2
992.58,307.11,8,0,2
892.83,290.91,10,0,1
905.62,292.40,11,0,1
944.91,286.14,12,0,2
957.71,287.04,13,0,1
1222.44,321.28,1,1,3
1110.93,330.71,2,1,3
1125.94,335.00,3,1,3
1017.44,345.72,4,1,3
1228.50,283.54,5,1,3
1172.87,285.84,6,1,3
1080.50,291.51,7,1,3
969.90,304.47,8,1,3
1168.41,228.71,10,1,3
1110.08,229.93,11,1,3
1147.35,227.09,12,1,3
1068.35,236.82,13,1,3
669.97,421.09,1,2,3
521.85,437.40,2,2,3
354.69,480.89,3,2,3
187.54,494.48,4,2,3
693.08,349.07,5,2,3
606.10,353.14,6,2,3
171.14,326.78,7,2,3
2.72,350.42,8,2,3
266.36,513.50,9,2,3
561.26,245.78,10,2,3
484.81,239.18,11,2,3
146.77,249.86,12,2,3
16.31,267.53,13,2,3
