795.26,528.57,1,0,2
882.99,526.48,2,0,1
878.59,518.31,3,0,2
956.55,517.05,4,0,1
776.10,506.36,5,0,1
854.69,498.82,6,0,1
921.34,486.24,7,0,2
964.72,483.10,8,0,2
838.35,459.83,10,0,1
897.45,459.20,11,0,1
891.83,452.20,12,0,2
923.11,453.78,13,0,1
971.21,512.42,1,1,2
1049.16,508.64,2,1,1
1027.97,508.64,3,1,2
1100.61,502.59,4,1,1
965.16,485.18,5,1,2
1021.16,486.70,6,1,1
1077.15,474.59,7,1,2
1108.18,470.05,8,1,2
1006.02,439.02,10,1,1
1054.45,439.78,11,1,1
1050.82,434.59,12,1,2
1092.83,435.35,13,1,1
536.25,521.57,1,2,2
634.33,518.43,2,2,1
775.17,503.34,3,2,2
877.03,505.22,4,2,2
443.21,505.81,5,2,1
533.48,504.03,6,2,1
854.20,446.42,7,2,2
930.81,445.82,8,2,2
436.08,387.02,10,2,1
543.58,379.30,11,2,1
848.26,386.43,12,2,2
924.87,388.81,13,2,1
963.62,485.65,1,3,2
1057.39,485.07,2,3,2
1137.15,479.11,3,3,2
1189.51,480.42,4,3,2
944.72,482.38,5,3,2
1016.06,482.38,6,3,2
1177.07,441.14,7,3,2
1221.38,438.79,8,3,2
938.86,397.75,10,3,1
1023.30,392.81,11,3,1
1174.86,392.45,12,3,2
1216.20,394.22,13,3,1
