1145.81,587.59,1,0,3
1241.50,590.22,2,0,3
1018.59,571.08,3,0,3
1107.15,572.21,4,0,3
1198.18,560.63,5,0,3
1280.66,563.94,6,0,3
995.51,525.79,7,0,3
1060.24,532.15,8,0,3
1113.38,499.81,10,0,3
1177.77,500.94,11,0,3
1059.63,493.93,12,0,3
1103.49,490.08,13,0,3
969.56,538.74,1,1,3
926.87,535.98,2,1,3
1027.60,538.98,3,1,3
984.17,541.64,4,1,3
942.41,521.59,5,1,3
921.95,522.21,6,1,3
1057.64,524.62,7,1,3
1035.48,529.01,8,1,3
983.38,493.39,10,1,3
965.48,494.67,11,1,3
1022.94,497.06,12,1,3
994.01,497.13,13,1,3
-216.43,816.41,1,2,3
-208.00,677.37,2,2,3
-924.27,818.51,3,2,3
-911.63,654.19,4,2,3
-12.08,567.82,5,2,3
23.22,460.44,6,2,3
-1065.33,593.23,7,2,3
-1054.19,440.51,8,2,3
-366.39,344.34,10,2,3
-359.93,242.41,11,2,3
-802.49,354.01,12,2,3
-779.40,227.01,13,2,3
1535.88,591.29,1,3,3
1471.55,589.82,2,3,3
1730.47,610.48,3,3,3
1662.41,611.52,4,3,3
1511.78,561.67,5,3,3
1451.42,558.84,6,3,3
1778.19,575.99,7,3,3
1718.52,574.42,8,3,3
1621.87,490.99,10,3,3
1572.72,492.91,11,3,3
1771.97,500.23,12,3,3
1727.70,494.82,13,3,3
620.10,551.25,1,4,3
732.97,552.31,2,4,3
550.88,539.00,3,4,3
655.77,544.33,4,4,3
653.43,513.18,5,4,3
742.32,513.87,6,4,3
526.31,482.22,7,4,3
572.18,483.63,8,4,3
595.48,420.49,10,4,3
704.88,425.82,11,4,3
536.84,422.93,12,4,3
619.45,419.94,13,4,3
