541.90,499.51,1,0,3
642.35,499.37,2,0,3
592.52,494.31,3,0,3
667.37,490.86,4,0,3
539.78,473.35,5,0,3
620.33,473.35,6,0,3
602.43,465.61,7,0,3
666.33,459.80,8,0,3
571.80,427.31,10,0,3
637.35,428.81,11,0,3
598.82,422.81,12,0,3
643.06,424.33,13,0,3
964.36,493.04,1,1,3
1048.69,497.00,2,1,3
892.29,484.33,3,1,3
961.17,486.13,4,1,3
990.09,471.66,5,1,3
1055.82,472.84,6,1,3
880.42,457.40,7,1,3
916.43,459.21,8,1,3
947.34,432.79,10,1,3
995.46,430.55,11,1,3
918.42,429.55,12,1,3
955.62,425.16,13,1,3
1280.09,534.44,1,2,3
1388.32,533.28,2,2,3
1145.42,517.28,3,2,3
1247.32,518.66,4,2,3
1326.59,487.72,5,2,3
1411.88,489.93,6,2,3
1144.26,465.30,7,2,3
1215.73,473.87,8,2,3
1246.83,429.71,10,2,3
1319.52,431.09,11,2,3
1154.00,428.32,12,2,3
1229.40,424.82,13,2,3
-230.34,539.62,1,3,3
-201.81,557.29,2,3,3
29.22,517.88,3,3,3
68.63,528.75,4,3,3
-271.56,502.54,5,3,3
-258.39,517.78,6,3,3
133.86,466.24,7,3,3
154.24,464.88,8,3,3
-185.64,399.30,10,3,3
-163.46,404.84,11,3,3
101.92,390.29,12,3,3
129.78,391.50,13,3,3
