941.74,608.30,1,0,2
1062.77,593.63,2,0,2
897.57,595.14,3,0,1
1009.96,598.76,4,0,2
969.32,578.76,5,0,1
1066.79,569.98,6,0,1
890.33,555.20,7,0,2
978.56,556.59,8,0,2
934.51,515.15,10,0,2
1023.09,506.32,11,0,1
908.72,509.04,12,0,1
983.04,502.93,13,0,2
1460.45,591.56,1,1,1
1630.39,587.44,2,1,2
1300.80,573.02,3,1,2
1488.26,588.47,4,1,2
1510.92,529.76,5,1,1
1659.23,518.43,6,1,1
1274.47,521.23,7,1,2
1337.88,523.58,8,1,2
1415.72,440.89,10,1,1
1526.95,434.71,11,1,1
1374.23,440.89,12,1,1
1476.63,432.06,13,1,2
