693.11,498.24,1,1,2
739.46,509.46,2,1,1
890.86,488.43,3,1,2
966.57,491.23,4,1,1
618.90,464.60,5,1,2
673.57,471.60,6,1,1
986.74,441.68,7,1,2
1020.01,445.18,8,1,2
783.63,400.07,10,1,1
825.16,401.57,11,1,1
886.71,394.56,12,1,2
925.24,396.06,13,1,1
1264.77,484.80,1,0,2
1366.63,484.26,2,0,1
1438.85,478.33,3,0,2
1555.25,471.32,4,0,1
1214.65,440.60,5,0,1
1304.65,444.38,6,0,1
1522.92,409.35,7,0,2
1577.35,409.89,8,0,1
1348.85,370.01,10,0,1
1426.99,370.54,11,0,1
1506.75,359.77,12,0,2
1547.17,367.85,13,0,1
483.48,714.47,1,2,1
315.67,647.60,2,2,2
-467.49,838.36,3,2,2
-625.70,756.62,4,2,2
-765.46,875.28,3,2,2
-950.05,801.45,4,2,2
-1084.53,925.38,3,2,2
-1282.30,841.00,4,2,2
-1369.18,628.51,7,2,2
-1321.57,527.75,8,2,2
-202.84,-3.99,10,2,2
-289.94,-34.90,11,2,2
-1217.30,52.08,12,2,2
-1278.73,21.36,13,2,2
652.26,455.00,5,2,2
595.29,444.09,6,2,2
