606.48,493.17,1,0,3
700.04,489.71,2,0,3
480.35,491.61,3,0,3
575.65,483.84,4,0,3
642.93,457.24,5,0,3
717.78,454.51,6,0,3
454.96,442.40,7,0,3
516.97,440.81,8,0,3
569.77,405.69,10,0,3
636.94,403.35,11,0,3
478.39,406.08,12,0,3
526.82,400.62,13,0,3
209.21,485.00,1,1,3
292.55,478.29,2,1,3
159.20,481.53,3,1,3
215.90,478.99,4,1,3
230.60,457.30,5,1,3
299.04,454.65,6,1,3
150.10,451.76,7,1,3
214.45,446.70,8,1,3
194.93,420.19,10,1,3
246.02,417.78,11,1,3
161.19,421.15,12,1,3
211.80,415.37,13,1,3
1230.16,435.51,1,2,3
1303.70,437.86,2,2,3
1283.59,437.55,3,2,3
1344.35,432.16,4,2,3
1229.64,419.57,5,2,3
1283.35,419.08,6,2,3
1307.29,413.30,7,2,3
1347.99,408.70,8,2,3
1264.34,389.63,10,2,3
1309.32,387.85,11,2,3
1301.29,384.71,12,2,3
1329.36,385.89,13,2,3
841.36,473.69,1,3,3
768.29,474.41,2,3,3
981.86,475.61,3,3,3
907.93,476.78,4,3,3
801.00,429.25,5,3,3
752.63,436.49,6,3,3
1032.91,428.73,7,3,3
956.08,432.80,8,3,3
857.29,377.92,10,3,3
831.68,381.17,11,3,3
1005.72,374.29,12,3,3
955.26,374.29,13,3,3
