1848.49,708.43,1,0,3
1830.88,719.74,2,0,3
2138.80,713.39,3,0,3
2112.69,728.08,4,0,3
1771.25,662.18,5,0,3
1789.54,660.25,6,0,3
2236.48,670.92,7,0,3
2235.61,690.92,8,0,3
1964.79,607.81,10,0,3
1959.09,619.78,11,0,3
2121.00,607.81,12,0,3
2115.30,622.63,13,0,3
998.05,648.25,1,1,3
1061.12,646.07,2,1,3
1045.77,641.71,3,1,3
1099.40,641.71,4,1,3
992.26,632.79,5,1,3
1044.40,631.56,6,1,3
1073.85,625.24,7,1,3
1102.14,623.13,8,1,3
1022.51,603.03,10,1,3
1065.54,603.03,11,1,3
1054.27,598.71,12,1,3
1080.64,600.11,13,1,3
1093.38,636.25,1,2,3
1144.05,636.25,2,2,3
1129.27,632.66,3,2,3
1169.81,632.24,4,2,3
1090.63,621.26,5,2,3
1128.43,620.62,6,2,3
1140.30,615.69,7,2,3
1172.54,611.82,8,2,3
1107.70,590.68,10,2,3
1143.42,591.06,11,2,3
1130.94,587.57,12,2,3
1159.22,587.89,13,2,3
805.76,647.68,1,3,3
881.39,641.31,2,3,3
941.98,639.03,3,3,3
1013.51,631.28,4,3,3
758.05,633.62,5,3,3
825.00,631.61,6,3,3
981.71,607.84,7,3,3
1041.30,606.06,8,3,3
756.20,551.69,10,3,3
832.29,548.83,11,3,3
981.29,552.77,12,3,3
1037.81,554.78,13,3,3
