1926.51,557.20,1,0,3
1878.90,554.89,2,0,3
1773.67,551.90,3,0,3
1719.08,545.05,4,0,3
1963.04,528.75,5,0,3
1927.66,528.21,6,0,3
1736.76,512.30,7,0,3
1693.17,508.19,8,0,3
1868.51,486.35,10,0,3
1838.26,479.60,11,0,3
1752.91,480.93,12,0,3
1720.57,477.95,13,0,3
1079.41,492.46,1,1,3
1034.58,493.10,2,1,3
1127.35,499.90,3,1,3
1075.85,496.85,4,1,3
1060.53,479.68,5,1,3
1032.91,479.32,6,1,3
1137.57,479.42,7,1,3
1102.88,477.85,8,1,3
1080.75,456.81,10,1,3
1059.77,458.18,11,1,3
1115.61,460.62,12,1,3
1085.09,460.19,13,1,3
735.85,495.86,1,2,3
796.02,498.76,2,2,3
714.17,491.53,3,2,3
761.87,496.59,4,2,3
754.28,483.76,5,2,3
800.72,485.21,6,2,3
712.00,474.55,7,2,3
741.28,477.58,8,2,3
737.84,453.77,10,2,3
775.98,454.94,11,2,3
730.52,452.96,12,2,3
763.62,452.59,13,2,3
301.85,688.49,1,3,3
342.37,621.68,2,3,3
-377.76,682.36,3,3,3
-313.07,617.67,4,3,3
459.55,518.24,5,3,3
466.12,505.11,6,3,3
-626.29,562.69,7,3,3
-591.01,530.62,8,3,3
-18.30,332.42,10,3,3
44.76,321.91,11,3,3
-532.29,331.37,12,3,3
-468.18,308.25,13,3,3
