396.67,410.81,1,0,3
457.63,409.49,2,0,3
456.15,405.47,3,0,3
508.82,405.18,4,0,3
387.57,393.33,5,0,3
430.68,392.25,6,0,3
477.95,385.20,7,0,3
510.44,381.47,8,0,3
419.95,361.12,10,0,3
463.90,359.14,11,0,3
473.17,356.27,12,0,3
495.76,359.67,13,0,3
1861.24,475.91,1,1,3
1911.31,495.16,2,1,3
2097.57,476.03,3,1,3
2169.33,492.60,4,1,3
1792.90,440.09,5,1,3
1845.76,441.81,6,1,3
2281.56,416.98,7,1,3
2323.50,424.69,8,1,3
2059.90,357.21,10,1,3
2121.83,366.44,11,1,3
2211.39,357.93,12,1,3
2252.41,364.92,13,1,3
1738.50,432.03,1,2,2
1802.99,445.10,2,2,2
2047.01,438.92,3,2,2
2110.35,454.58,4,2,2
1585.53,412.53,5,2,2
1611.36,417.71,6,2,1
2185.00,365.57,7,2,2
2210.64,378.80,8,2,2
1606.37,260.26,10,2,1
1635.16,245.11,11,2,1
2177.46,232.61,12,2,2
2217.65,230.87,13,2,2
