376.12,609.40,1,0,3
451.77,604.05,2,0,3
182.31,609.74,3,0,3
266.67,606.72,4,0,3
435.37,576.93,5,0,3
494.49,571.50,6,0,3
133.97,568.31,7,0,3
145.91,561.73,8,0,3
295.32,521.38,10,0,3
341.41,517.07,11,0,3
225.05,521.95,12,0,3
245.61,517.03,13,0,3
1071.22,586.96,1,1,3
1033.37,588.37,2,1,3
1278.56,590.63,3,1,3
1246.72,594.26,4,1,3
1015.05,555.68,5,1,3
986.34,561.00,6,1,3
1354.89,553.82,7,1,3
1328.87,556.04,8,1,3
1153.68,503.14,10,1,3
1131.53,506.46,11,1,3
1265.91,504.42,12,1,3
1237.99,505.93,13,1,3
934.02,541.26,1,2,3
1010.30,539.32,2,2,3
1080.35,527.64,3,2,3
1144.96,527.64,4,2,3
890.05,529.59,5,2,3
954.43,527.38,6,2,3
1115.70,514.61,7,2,3
1167.95,514.61,8,2,3
887.90,448.71,10,2,3
955.95,445.19,11,2,3
1105.64,447.23,12,2,3
1164.02,449.17,13,2,3
