1379.06,606.55,1,0,3
1448.79,596.26,2,0,3
1467.88,588.67,3,0,3
1542.48,570.89,4,0,3
1352.59,578.98,5,0,3
1406.63,567.21,6,0,3
1509.41,531.61,7,0,3
1553.94,520.23,8,0,3
1404.25,517.76,10,0,3
1457.73,508.02,11,0,3
1474.11,496.49,12,0,3
1523.61,492.96,13,0,3
1087.41,711.16,1,1,3
1201.83,687.81,2,1,3
1271.09,658.89,3,1,3
1382.43,638.77,4,1,3
1040.91,655.79,5,1,3
1139.35,640.60,6,1,3
1350.83,579.61,7,1,3
1409.43,567.09,8,1,3
1162.68,547.43,10,1,3
1239.96,533.49,11,1,3
1291.75,517.55,12,1,3
1361.84,509.30,13,1,3
1711.67,514.26,1,2,3
1801.65,495.62,2,2,3
1837.32,479.65,3,2,3
1912.93,465.81,4,2,3
1690.29,489.81,5,2,3
1770.61,474.29,6,2,3
1922.58,422.26,7,2,3
1952.71,417.24,8,2,3
1701.25,398.53,10,2,3
1766.96,380.73,11,2,3
1893.44,360.56,12,2,3
1933.73,364.47,13,2,3
-36.18,886.33,1,3,3
-3.23,893.49,2,3,3
330.92,815.48,3,3,3
383.11,819.86,4,3,3
-98.07,843.65,5,3,3
-90.84,855.89,6,3,3
493.57,719.08,7,3,3
509.67,723.60,8,3,3
98.03,645.49,10,3,3
119.48,634.37,11,3,3
428.57,585.90,12,3,3
484.19,578.75,13,3,3
