920.15,408.15,1,0,3
984.44,408.15,2,0,3
902.30,405.60,3,0,3
953.96,405.55,4,0,3
933.52,393.15,5,0,3
987.74,390.67,6,0,3
901.70,380.44,7,0,3
946.33,381.44,8,0,3
921.79,361.72,10,0,3
970.08,360.06,11,0,3
916.81,359.32,12,0,3
948.96,357.93,13,0,3
9.83,845.14,1,1,3
263.58,734.71,2,1,3
-976.97,854.53,3,1,3
-793.70,760.55,4,1,3
282.38,614.88,5,1,3
451.55,556.14,6,1,3
-1217.94,654.56,7,1,3
-946.61,650.12,8,1,3
-232.17,321.19,10,1,3
35.68,283.60,11,1,3
-1040.40,335.29,12,1,3
-828.95,267.15,13,1,3
1107.30,404.10,1,2,3
1217.09,402.39,2,2,3
1021.95,391.66,3,2,3
1124.24,396.15,4,2,3
1156.62,390.81,5,2,3
1257.94,388.76,6,2,3
999.84,361.56,7,2,3
1054.54,363.92,8,2,3
1142.66,282.56,10,2,3
1261.04,280.63,11,2,3
1003.97,288.04,12,2,3
1065.86,271.96,13,2,3
