1469.05,620.43,1,0,3
1400.22,615.94,2,0,3
1411.50,625.94,3,0,3
1338.61,623.89,4,0,3
1476.31,594.57,5,0,3
1438.31,592.28,6,0,3
1383.13,583.71,7,0,3
1310.52,583.71,8,0,3
1417.34,545.21,10,0,3
1383.99,546.26,11,0,3
1381.24,551.49,12,0,3
1317.48,554.19,13,0,3
1785.85,597.16,1,1,1
1720.11,598.40,2,1,2
1723.61,610.52,3,1,1
1609.84,612.70,4,1,1
1785.85,550.75,5,1,2
1745.19,549.73,6,1,2
1675.67,548.59,7,1,1
1558.20,548.36,8,1,1
1774.78,484.84,10,1,1
1734.38,473.40,11,1,2
1674.23,460.64,12,1,1
1567.38,464.61,13,1,1
1250.47,615.13,1,2,3
1321.29,621.06,2,2,3
1412.36,595.04,3,2,3
1474.02,597.04,4,2,3
1238.73,577.22,5,2,3
1287.25,580.11,6,2,3
1477.45,562.30,7,2,3
1506.24,563.92,8,2,3
1243.24,494.46,10,2,3
1308.90,490.68,11,2,3
1442.93,481.51,12,2,3
1498.22,488.47,13,2,3
1238.71,255.63,9,3,3
1335.22,671.78,1,3,3
1096.93,669.74,2,3,3
973.78,732.51,3,3,3
820.78,766.30,3,3,3
583.39,811.66,3,3,3
296.59,792.51,4,3,3
553.00,765.94,4,3,3
790.01,733.25,4,3,3
1293.96,534.42,5,3,3
1226.55,537.55,6,3,3
337.42,668.73,7,3,3
142.21,664.73,8,3,3
1262.25,281.50,10,3,3
1142.75,267.48,11,3,3
258.18,-2.14,12,3,3
-67.77,143.98,13,3,3
