946.23,334.90,1,0,3
1088.51,328.76,2,0,3
876.63,320.22,3,0,3
982.04,320.02,4,0,3
978.05,301.14,5,0,3
1097.54,292.60,6,0,3
861.31,267.93,7,0,3
930.88,270.26,8,0,3
932.17,217.27,10,0,3
1036.19,211.74,11,0,3
887.17,213.58,12,0,3
946.55,204.73,13,0,3
760.55,284.25,1,1,3
840.41,284.48,2,1,3
745.65,280.69,3,1,3
806.38,283.16,4,1,3
769.61,259.82,5,1,3
840.05,258.17,6,1,3
743.77,244.55,7,1,3
792.26,246.27,8,1,3
761.74,219.27,10,1,3
811.59,216.76,11,1,3
751.11,217.06,12,1,3
786.43,215.92,13,1,3
1280.72,308.33,1,2,3
1428.23,304.29,2,2,3
1137.21,295.57,3,2,3
1258.67,292.66,4,2,3
1332.15,252.20,5,2,3
1461.44,249.33,6,2,3
1104.26,231.79,7,2,3
1186.46,231.71,8,2,3
1245.38,170.66,10,2,3
1347.43,166.11,11,2,3
1197.08,171.12,12,2,3
1268.16,163.37,13,2,3
