1322.85,829.44,1,0,3
1424.18,833.54,2,0,3
1171.14,808.17,3,0,3
1262.49,812.92,4,0,3
1364.21,794.88,5,0,3
1444.69,795.47,6,0,3
1148.61,757.32,7,0,3
1217.45,766.80,8,0,3
1282.85,738.22,10,0,3
1344.02,739.98,11,0,3
1220.79,728.83,12,0,3
1270.25,727.54,13,0,3
510.93,711.94,1,1,1
521.97,709.95,2,1,2
445.20,709.96,3,1,1
457.42,707.80,4,1,2
526.95,704.67,5,1,1
535.93,701.93,6,1,1
430.20,694.95,7,1,1
437.44,694.70,8,1,2
484.56,685.97,10,1,1
489.26,683.49,11,1,1
452.40,684.97,12,1,1
462.87,682.73,13,1,2
-171.00,937.48,1,2,3
-33.52,872.29,2,2,3
-1050.70,946.62,3,2,3
-918.40,883.50,4,2,3
276.71,828.63,5,2,3
288.87,820.42,6,2,3
-1241.85,806.02,7,2,3
-1142.44,806.02,8,2,3
279.15,399.95,10,2,3
311.66,414.73,11,2,3
-1225.08,405.86,12,2,3
-1106.87,414.73,13,2,3
