2004.37,573.26,1,0,3
2030.90,554.01,2,0,3
1609.52,542.27,3,0,3
1648.36,529.19,4,0,3
2090.81,517.21,5,0,3
2089.10,493.25,6,0,3
1515.90,463.68,7,0,3
1531.52,454.30,8,0,3
1872.42,397.24,10,0,3
1892.92,393.14,11,0,3
1683.52,395.26,12,0,3
1698.09,390.73,13,0,3
1290.81,448.35,1,1,3
1342.28,445.98,2,1,3
1347.43,444.79,3,1,3
1388.21,445.58,4,1,3
1285.66,432.12,5,1,3
1322.48,429.35,6,1,3
1369.60,424.20,7,1,3
1392.17,421.82,8,1,3
1316.15,406.78,10,1,3
1351.39,406.38,11,1,3
1348.56,402.49,12,1,3
1373.09,404.42,13,1,3
1004.41,472.69,1,2,3
945.81,475.86,2,2,3
1142.20,474.27,3,2,3
1085.58,472.69,4,2,3
943.40,446.73,5,2,3
924.35,446.04,6,2,3
1186.10,439.54,7,2,3
1144.35,440.56,8,2,3
1033.26,403.26,10,2,3
1016.80,405.51,11,2,3
1111.55,403.26,12,2,3
1080.38,405.51,13,2,3
113.24,442.63,1,3,3
76.59,444.67,2,3,3
161.77,447.38,3,3,3
108.15,447.04,4,3,3
94.92,430.41,5,3,3
76.93,431.43,6,3,3
166.19,425.32,7,3,3
128.52,425.66,8,3,3
120.37,410.05,10,3,3
97.29,412.77,11,3,3
150.91,411.41,12,3,3
115.96,413.11,13,3,3
1402.88,446.77,1,4,3
1450.15,445.69,2,4,3
1463.11,445.69,3,4,3
1489.85,444.07,4,4,3
1399.18,435.82,5,4,3
1440.46,432.64,6,4,3
1472.49,429.99,7,4,3
1492.25,425.90,8,4,3
1429.65,413.67,10,4,3
1457.35,413.02,11,4,3
1461.25,410.94,12,4,3
1470.36,411.20,13,4,3
1116.33,446.40,1,5,3
1170.76,448.01,2,5,3
1197.17,445.86,3,5,3
1250.82,448.73,4,5,3
1095.31,432.92,5,5,3
1128.72,436.69,6,5,3
1246.75,424.30,7,5,3
1278.54,425.38,8,5,3
1142.00,385.53,10,5,3
1179.37,387.45,11,5,3
1238.73,385.45,12,5,3
1268.17,387.10,13,5,3
735.13,557.71,1,6,3
906.36,545.47,2,6,3
468.77,531.88,3,6,3
644.08,521.01,4,6,3
820.74,480.24,5,6,3
953.92,469.37,6,6,3
379.08,374.24,7,6,3
475.57,378.32,8,6,3
610.10,289.99,10,6,3
784.05,302.22,11,6,3
387.48,306.00,12,6,3
497.96,299.53,13,6,3
