1534.90,430.39,1,0,3
1488.77,427.79,2,0,3
1505.07,429.94,3,0,3
1442.02,426.93,4,0,3
1539.59,413.95,5,0,3
1512.89,410.73,6,0,3
1487.91,409.86,7,0,3
1440.65,405.13,8,0,3
1513.31,387.95,10,0,3
1491.53,385.34,11,0,3
1504.98,389.91,12,0,3
1462.02,385.51,13,0,3
1093.09,417.77,1,1,3
1166.25,418.87,2,1,3
1173.43,414.40,3,1,3
1243.45,418.51,4,1,3
1083.17,390.94,5,1,3
1144.93,392.77,6,1,3
1223.60,385.42,7,1,3
1260.36,384.32,8,1,3
1133.90,351.23,10,1,3
1189.78,352.70,11,1,3
1173.60,347.56,12,1,3
1211.83,351.23,13,1,3
