1393.83,842.78,1,0,3
1474.03,850.93,2,0,3
1344.08,832.06,3,0,3
1412.32,842.78,4,0,3
1420.42,816.62,5,0,3
1483.04,823.48,6,0,3
1348.37,799.47,7,0,3
1383.97,807.62,8,0,3
1391.13,778.20,10,0,3
1446.16,784.46,11,0,3
1355.23,774.59,12,0,3
1397.27,774.59,13,0,3
-98.55,822.97,1,1,3
190.50,796.01,2,1,3
-541.85,781.04,3,1,3
-329.18,748.09,4,1,3
251.41,798.81,5,1,3
397.54,780.31,6,1,3
-737.92,664.19,7,1,3
-611.66,659.24,8,1,3
240.31,443.66,10,1,3
423.43,502.86,11,1,3
-653.54,390.80,12,1,3
-458.92,359.88,13,1,3
1179.07,830.19,1,2,1
1296.02,839.35,2,2,1
1167.22,814.56,3,2,2
1274.46,830.73,4,2,2
1194.47,790.27,5,2,1
1296.56,799.04,6,2,1
1169.23,762.89,7,2,2
1255.11,767.32,8,2,2
1182.86,711.38,10,2,1
1288.18,718.11,11,2,1
1171.77,716.52,12,2,1
1262.83,713.50,13,2,2
