1103.53,495.56,1,0,3
1174.24,505.36,2,0,3
1250.69,501.48,3,0,3
1329.51,512.87,4,0,3
1078.47,456.84,5,0,3
1130.45,460.41,6,0,3
1304.91,468.68,7,0,3
1371.88,477.34,8,0,3
1191.16,411.95,10,0,3
1233.49,417.39,11,0,3
1296.82,417.21,12,0,3
1345.28,425.96,13,0,3
527.95,685.18,1,1,3
605.50,634.50,2,1,3
-92.94,630.76,3,1,3
-9.71,580.89,4,1,3
671.66,565.19,5,1,3
744.53,546.41,6,1,3
-128.06,486.39,7,1,3
-93.12,464.03,8,1,3
306.20,369.18,10,1,3
398.71,372.90,11,1,3
-1.46,323.39,12,1,3
98.98,326.03,13,1,3
696.69,449.05,1,2,3
770.63,450.38,2,2,3
669.02,440.85,3,2,3
731.65,445.32,4,2,3
717.15,432.07,5,2,3
775.25,434.51,6,2,3
665.97,410.54,7,2,3
716.14,410.14,8,2,3
699.89,388.61,10,2,3
748.23,390.84,11,2,3
682.06,385.27,12,2,3
712.41,384.41,13,2,3
802.16,442.15,1,3,3
868.10,444.83,2,3,3
767.42,432.84,3,3,3
821.81,433.69,4,3,3
818.90,421.40,5,3,3
875.80,424.41,6,3,3
763.42,414.29,7,3,3
809.37,416.61,11,3,3
799.48,383.91,10,3,3
846.32,385.90,11,3,3
786.85,380.48,12,3,3
814.88,380.48,13,3,3
