1385.19,425.07,1,0,2
1467.23,427.69,2,0,1
1446.28,425.07,3,0,2
1513.77,426.23,4,0,1
1378.76,404.38,5,0,1
1442.50,409.14,6,0,1
1483.41,398.20,7,0,2
1522.41,397.73,8,0,2
1418.58,371.32,10,0,1
1476.48,373.36,11,0,1
1455.27,368.88,12,0,2
1494.01,371.32,13,0,1
1059.89,416.02,1,1,2
1137.73,421.05,2,1,1
1145.66,416.27,3,1,2
1205.52,419.16,4,1,1
1049.41,398.91,5,1,1
1107.12,402.50,6,1,1
1179.32,395.08,7,1,2
1215.66,394.76,8,1,2
1108.51,360.44,10,1,1
1157.40,362.95,11,1,1
1157.23,358.53,12,1,2
1181.38,361.25,13,1,1
1595.43,416.30,1,2,2
1646.46,416.29,2,2,1
1639.14,412.43,3,2,2
1675.56,415.75,4,2,1
1590.48,401.41,5,2,1
1629.17,406.17,6,2,1
1657.58,400.81,7,2,2
1680.41,400.74,8,2,2
1610.84,380.47,10,2,1
1653.98,384.71,11,2,1
1640.51,379.72,12,2,2
1663.67,383.47,13,2,1
1912.22,454.56,1,3,1
1816.29,451.33,2,3,2
1884.74,458.34,3,3,1
1787.73,455.64,4,3,1
1914.99,438.50,5,3,2
1882.58,430.52,6,3,2
1862.10,427.08,7,3,1
1790.82,421.29,8,3,1
1894.86,400.04,10,3,1
1857.46,392.35,11,3,2
1880.54,398.97,12,3,1
1811.93,390.85,13,3,1
1281.48,415.69,1,4,2
1345.57,419.83,2,4,1
1350.72,414.23,3,4,2
1393.22,414.59,4,4,2
1272.32,400.75,5,4,1
1324.19,403.92,6,4,1
1367.76,398.29,7,4,2
1393.77,396.64,8,4,2
1310.06,368.42,10,4,1
1359.51,370.16,11,4,1
1332.06,365.64,12,4,2
1378.13,370.16,13,4,1
