1767.18,629.54,1,0,3
1883.04,622.52,2,0,3
1569.44,602.92,3,0,3
1678.56,604.31,4,0,3
1828.92,605.59,5,0,3
1905.66,602.13,6,0,3
1541.99,541.26,7,0,3
1629.06,550.31,8,0,3
1705.32,503.19,10,0,3
1754.97,503.83,11,0,3
1591.38,497.46,12,0,3
1650.89,494.60,13,0,3
1536.23,562.64,1,1,3
1473.84,561.06,2,1,3
1618.35,571.91,3,1,3
1572.81,573.99,4,1,3
1501.18,533.25,5,1,3
1464.30,533.61,6,1,3
1640.53,546.32,7,1,3
1614.63,547.24,8,1,3
1545.32,498.10,10,1,3
1523.38,499.93,11,1,3
1623.77,497.88,12,1,3
1603.66,501.53,13,1,3
2500.73,747.97,1,2,3
2581.44,701.50,2,2,3
2018.90,708.84,3,2,3
2131.41,667.26,4,2,3
2654.82,596.33,5,2,3
2740.42,574.31,6,2,3
1759.81,496.10,7,2,3
1856.17,482.26,8,2,3
2617.96,298.11,10,2,3
2699.72,279.24,11,2,3
1791.51,312.12,12,2,3
1883.92,292.32,13,2,3
1034.09,546.30,1,3,3
1160.37,551.62,2,3,3
955.68,535.93,3,3,3
1017.66,536.02,4,3,3
931.39,531.04,3,3,3
998.04,534.46,4,3,3
913.02,526.99,3,3,3
982.47,531.66,4,3,3
1073.05,507.36,5,3,3
1175.55,509.63,6,3,3
928.11,484.31,7,3,3
944.63,484.93,8,3,3
1017.42,373.47,10,3,3
1144.57,378.60,11,3,3
901.94,395.47,12,3,3
960.17,382.67,13,3,3
978.88,370.43,9,3,3
401.58,727.73,1,4,3
454.49,673.00,2,4,3
-397.47,735.03,3,4,3
-319.03,674.82,4,4,3
582.75,562.80,5,4,3
578.73,487.74,6,4,3
-643.48,561.87,7,4,3
-689.52,482.34,8,4,3
101.58,347.74,10,4,3
165.20,342.05,11,4,3
-482.51,363.11,12,4,3
-375.05,321.44,13,4,3
