1591.88,667.49,1,0,3
1645.21,666.85,2,0,3
1629.26,666.07,3,0,3
1680.62,662.43,4,0,3
1584.72,652.73,5,0,3
1630.46,653.15,6,0,3
1660.39,645.98,7,0,3
1687.79,645.56,8,0,3
1610.25,625.78,10,0,3
1651.27,623.79,11,0,3
1641.31,622.22,12,0,3
1665.38,622.37,13,0,3
1268.23,692.58,1,1,3
1379.81,683.58,2,1,3
1440.88,670.11,3,1,3
1527.92,671.07,4,1,3
1199.18,671.07,5,1,3
1307.76,671.07,6,1,3
1507.63,642.51,7,1,3
1575.95,639.04,8,1,3
1195.65,552.25,10,1,3
1318.07,544.53,11,1,3
1523.68,532.12,12,1,3
1562.37,542.37,13,1,3
