546.96,474.41,1,0,3
630.14,474.89,2,0,3
512.93,474.41,3,0,3
581.67,474.83,4,0,3
565.19,452.67,5,0,3
632.51,447.09,6,0,3
511.41,445.89,7,0,3
561.43,446.37,8,0,3
544.66,415.12,10,0,3
600.78,410.93,11,0,3
534.98,412.54,12,0,3
574.97,409.64,13,0,3
723.81,464.08,1,1,3
651.02,463.77,2,1,3
773.28,462.19,3,1,3
688.52,465.97,4,1,3
687.53,439.92,5,1,3
652.91,441.71,6,1,3
780.21,435.41,7,1,3
712.47,437.93,8,1,3
717.19,407.37,10,1,3
690.09,408.63,11,1,3
755.00,410.20,12,1,3
700.28,411.57,13,1,3
1560.19,467.08,1,2,3
1675.99,464.14,2,2,3
1687.51,456.80,3,2,3
1757.99,453.36,4,2,3
1535.60,418.17,5,2,3
1632.88,421.55,6,2,3
1726.96,402.76,7,2,3
1779.29,398.47,8,2,3
1611.92,354.81,10,2,3
1679.41,354.31,11,2,3
1696.08,339.72,12,2,3
1744.55,346.58,13,2,3
324.45,498.04,1,3,3
413.02,492.66,2,3,3
311.16,495.20,3,3,3
393.42,487.40,4,3,3
331.97,463.44,5,3,3
402.55,458.16,6,3,3
308.83,459.18,7,3,3
368.13,456.36,8,3,3
324.48,427.38,10,3,3
388.60,422.79,11,3,3
321.76,424.66,12,3,3
383.33,419.73,13,3,3
1974.33,455.28,1,4,3
1839.32,461.92,2,4,3
1859.24,470.22,3,4,3
1729.76,471.88,4,4,3
1996.45,395.73,5,4,3
1944.99,389.93,6,4,3
1807.30,421.82,7,4,3
1671.06,411.67,8,4,3
1902.23,324.71,10,4,3
1840.64,323.26,11,4,3
1797.33,327.22,12,4,3
1698.65,328.37,13,4,3
