346.89,508.34,1,0,3
423.65,504.88,2,0,3
284.26,498.98,3,0,3
362.07,506.11,4,0,3
365.78,487.08,5,0,3
425.99,489.70,6,0,3
280.25,470.06,7,0,3
325.20,473.12,8,0,3
334.23,454.26,10,0,3
380.24,454.26,11,0,3
317.78,451.27,12,0,3
361.16,450.15,13,0,3
1773.65,590.80,1,1,2
1856.70,592.85,2,1,1
1859.03,589.22,3,1,2
1925.50,593.13,4,1,2
1762.57,572.53,5,1,1
1822.70,575.84,6,1,1
1896.07,570.47,7,1,2
1938.60,569.09,8,1,2
1818.79,539.54,10,1,1
1874.02,541.63,11,1,1
1867.76,536.43,12,1,2
1899.89,539.77,13,1,1
552.68,532.83,1,2,1
643.83,533.99,2,2,2
485.85,522.05,3,2,1
564.36,528.30,4,2,2
582.40,501.50,5,2,1
657.23,504.28,6,2,1
486.58,482.50,7,2,2
540.68,490.64,8,2,2
544.38,458.35,10,2,1
609.72,460.33,11,2,1
496.48,456.37,12,2,1
554.61,452.56,13,2,1
-140.60,536.39,1,3,3
-43.90,545.81,2,3,3
31.41,530.40,3,3,3
179.65,537.56,4,3,3
-178.26,496.17,5,3,3
-100.38,503.87,6,3,3
163.20,473.07,7,3,3
243.82,477.78,8,3,3
-65.96,354.42,10,3,3
74.39,357.84,11,3,3
131.06,362.51,12,3,3
228.31,375.32,13,3,3
