1103.25,661.14,1,0,2
1128.05,683.05,2,0,1
1582.96,651.70,3,0,2
1612.74,664.46,4,0,1
1042.94,588.76,5,0,2
1057.52,602.12,6,0,1
1701.35,538.50,7,0,2
1713.21,549.86,8,0,1
1289.80,487.80,10,0,1
1317.81,492.73,11,0,1
1482.93,476.54,12,0,1
1500.82,483.86,13,0,1
173.16,668.06,1,1,3
58.06,685.09,2,1,3
531.39,656.48,3,1,3
429.24,676.91,4,1,3
98.93,590.42,5,1,3
10.39,601.32,6,1,3
566.93,538.32,7,1,3
493.94,552.28,8,1,3
286.36,489.69,10,1,3
221.17,500.42,11,1,3
550.00,487.11,12,1,3
488.00,493.62,13,1,3
1005.91,560.37,1,2,3
928.68,555.81,2,2,3
1069.87,562.24,3,2,3
982.89,565.16,4,2,3
970.71,528.36,5,2,3
933.83,528.36,6,2,3
1089.51,529.65,7,2,3
1015.32,532.65,8,2,3
1010.60,485.90,10,2,3
974.23,490.29,11,2,3
1057.78,491.91,12,2,3
992.16,493.62,13,2,3
500.40,549.60,1,3,3
618.74,542.80,2,3,3
687.76,532.63,3,3,3
767.13,523.93,4,3,3
445.07,536.40,5,3,3
526.18,537.66,6,3,3
751.27,500.56,7,3,3
812.26,494.27,8,3,3
440.18,424.59,10,3,3
540.15,420.19,11,3,3
744.45,409.02,12,3,3
800.72,420.01,13,3,3
