1705.98,907.70,1,0,3
1786.96,889.42,2,0,3
1761.13,897.61,3,0,3
1838.64,875.87,4,0,3
1693.64,877.77,5,0,3
1754.53,865.04,6,0,3
1796.20,844.20,7,0,3
1837.41,832.63,8,0,3
1730.75,831.36,10,0,3
1784.13,820.84,11,0,3
1783.73,816.47,12,0,3
1815.28,814.49,13,0,3
1028.68,1051.97,1,1,3
1140.81,1039.67,2,1,3
1205.93,1020.86,3,1,3
1312.28,1004.22,4,1,3
980.93,1004.22,5,1,3
1073.53,1002.05,6,1,3
1288.40,946.34,7,1,3
1328.92,941.27,8,1,3
1105.36,921.74,10,1,3
1182.78,914.51,11,1,3
1247.29,899.89,12,1,3
1290.57,903.65,13,1,3
1422.96,949.82,1,2,3
1531.81,931.54,2,2,3
1534.99,920.42,3,2,3
1618.42,904.53,4,2,3
1566.77,912.47,3,2,3
1651.79,901.35,4,2,3
1595.38,904.53,3,2,3
1682.78,895.79,4,2,3
1399.67,909.59,5,2,3
1488.91,897.38,6,2,3
1650.41,862.25,7,2,3
1672.32,859.12,8,2,3
1471.83,792.59,9,2,3
1479.92,786.70,10,2,3
1551.97,774.21,11,2,3
1633.42,745.64,12,2,3
1665.67,745.29,13,2,3
