1516.74,729.80,1,0,3
1471.86,773.53,2,0,3
1947.14,718.29,3,0,3
1912.61,758.57,4,0,3
1414.14,694.17,5,0,3
1414.81,705.20,6,0,3
2096.15,672.96,7,0,3
2075.65,693.46,8,0,3
1663.82,582.95,10,0,3
1660.32,593.84,11,0,3
1834.51,565.16,12,0,3
1831.01,579.15,13,0,3
1225.41,699.97,1,1,3
1138.87,707.96,2,1,3
1458.96,689.57,3,1,3
1394.94,705.92,4,1,3
1137.00,641.27,5,1,3
1099.32,649.97,6,1,3
1529.11,607.16,7,1,3
1472.58,618.06,8,1,3
1301.51,561.55,10,1,3
1268.27,566.98,11,1,3
1504.42,560.83,12,1,3
1468.91,568.80,13,1,3
576.78,760.07,1,2,3
499.72,774.67,2,2,3
850.56,743.73,3,2,3
794.52,766.50,4,2,3
489.68,687.35,5,2,3
455.35,701.70,6,2,3
898.88,652.27,7,2,3
845.30,663.17,8,2,3
681.85,608.30,10,2,3
622.89,616.47,11,2,3
883.25,603.04,12,2,3
833.63,608.88,13,2,3
1852.47,607.91,1,3,3
1780.09,617.51,2,3,3
1938.88,630.81,3,3,3
1853.21,636.72,4,3,3
1817.02,586.50,5,3,3
1766.06,588.71,6,3,3
1940.35,603.48,7,3,3
1885.70,609.39,8,3,3
1867.40,525.21,10,3,3
1804.35,535.72,11,3,3
1938.88,528.15,12,3,3
1856.89,535.72,13,3,3
1258.02,654.20,1,4,3
1349.46,650.83,2,4,3
1483.65,604.01,3,4,3
1551.88,606.71,4,4,3
1224.08,640.10,5,4,3
1307.39,637.37,6,4,3
1538.29,579.86,7,4,3
1594.78,574.40,8,4,3
1207.88,503.34,10,4,3
1318.09,490.22,11,4,3
1499.39,465.95,12,4,3
1577.84,475.65,13,4,3
