423.26,733.76,1,0,3
440.99,704.76,2,0,3
-143.77,688.68,3,0,3
-105.86,669.15,4,0,3
555.13,616.78,5,0,3
559.38,577.43,6,0,3
-272.45,569.20,7,0,3
-250.62,557.71,8,0,3
218.52,450.25,10,0,3
261.71,445.23,11,0,3
-30.46,421.08,12,0,3
44.06,414.57,13,0,3
642.51,528.16,1,1,3
714.91,536.82,2,1,3
614.68,519.31,3,1,3
669.17,531.41,4,1,3
661.69,513.40,5,1,3
721.97,516.99,6,1,3
612.78,494.64,7,1,3
639.77,496.33,8,1,3
647.99,472.51,10,1,3
703.00,476.52,11,1,3
629.65,468.51,12,1,3
675.67,468.40,13,1,3
1702.71,652.37,1,2,3
1771.30,661.71,2,2,3
1805.71,658.69,3,2,3
1854.48,669.91,4,2,3
1690.86,628.51,5,2,3
1745.46,634.30,6,2,3
1829.52,636.02,7,2,3
1871.12,642.05,8,2,3
1749.91,602.79,10,2,3
1800.41,608.53,11,2,3
1816.55,606.49,12,2,3
1844.59,613.02,13,2,3
756.38,527.63,1,3,3
823.36,532.77,2,3,3
723.16,514.13,3,3,3
777.71,520.88,4,3,3
775.60,505.58,5,3,3
833.34,511.53,6,3,3
717.07,490.18,7,3,3
780.12,496.83,8,3,3
758.21,468.41,10,3,3
804.94,472.00,11,3,3
744.45,466.37,12,3,3
775.78,466.74,13,3,3
