1444.18,364.80,1,0,1
1551.18,355.28,2,0,2
1330.10,360.30,3,0,1
1418.71,357.49,4,0,2
1479.71,322.27,5,0,1
1575.28,314.27,6,0,1
1311.07,321.02,7,0,2
1375.09,317.01,8,0,2
1411.60,271.87,10,0,1
1496.62,263.89,11,0,1
1334.25,275.35,12,0,1
1386.76,264.01,13,0,1
1114.24,352.40,1,1,3
1180.91,351.01,2,1,3
1086.27,354.28,3,1,3
1144.88,353.18,4,1,3
1135.91,333.06,5,1,3
1184.90,327.16,6,1,3
1079.93,324.75,7,1,3
1123.30,328.66,8,1,3
1108.84,299.42,10,1,3
1154.34,295.12,11,1,3
1089.42,298.90,12,1,3
1120.35,294.41,13,1,3
