-94.92,729.86,1,0,2
79.87,728.14,2,0,2
-331.70,726.42,3,0,2
-125.91,719.53,4,0,2
-18.62,670.72,5,0,2
138.23,643.86,6,0,1
-430.72,651.51,7,0,2
-311.04,653.23,8,0,2
-188.77,565.40,10,0,2
-70.81,536.99,11,0,2
-320.51,556.79,12,0,2
-237.85,536.13,13,0,2
1101.35,520.95,1,1,2
1178.44,514.26,2,1,1
1149.85,517.32,3,1,2
1222.07,508.45,4,1,1
1095.53,492.45,5,1,1
1154.29,489.83,6,1,1
1193.64,481.68,7,1,2
1226.89,476.93,8,1,2
1125.89,457.68,10,1,1
1181.39,453.83,11,1,1
1169.48,450.35,12,1,2
1209.59,451.82,13,1,1
1516.81,570.04,1,2,2
1404.01,572.68,2,2,1
1735.37,577.09,3,2,2
1615.52,591.19,4,2,1
1451.96,522.99,5,2,2
1390.18,531.16,6,2,1
1822.67,531.30,7,2,2
1751.30,544.47,8,2,2
1585.54,452.71,10,2,2
1541.72,457.91,11,2,1
1700.71,455.08,12,2,1
1608.61,461.20,13,2,1
889.76,546.42,1,3,2
987.91,536.32,2,3,1
970.08,541.38,3,3,2
1050.53,530.26,4,3,1
876.92,512.62,5,3,1
957.38,507.05,6,3,1
1003.80,488.18,7,3,2
1052.70,486.63,8,3,2
924.52,466.32,10,3,1
992.05,463.14,11,3,1
977.72,458.37,12,3,2
1030.70,459.50,13,3,1
1215.10,507.75,1,4,2
1278.94,504.60,2,4,1
1261.42,503.17,3,4,2
1313.43,498.14,4,4,1
1209.50,481.28,5,4,2
1259.95,480.90,6,4,1
1290.95,471.35,7,4,2
1316.15,468.04,8,4,2
1220.39,450.89,10,4,1
1277.86,447.36,11,4,1
1272.68,444.77,12,4,2
1304.95,443.01,13,4,1
1514.27,503.82,1,5,2
1426.62,504.86,2,5,2
1518.43,516.98,3,5,2
1416.57,518.37,4,5,2
1519.47,485.80,5,5,2
1424.89,486.49,6,5,2
1517.17,494.14,7,5,2
1413.73,498.46,8,5,1
1510.75,455.32,10,5,1
1438.78,454.52,11,5,1
1505.14,457.09,12,5,1
1430.12,457.25,13,5,1
1794.04,640.89,1,6,2
1775.10,686.57,2,6,1
2433.19,672.11,3,6,2
2397.53,718.14,4,6,2
1643.45,553.71,5,6,2
1636.07,574.82,6,6,1
2600.02,548.33,7,6,2
2585.22,565.82,8,6,2
2031.69,343.24,10,6,2
2012.08,366.70,11,6,2
2395.72,348.68,12,6,2
2384.76,366.70,13,6,2
733.75,544.34,1,7,1
845.60,533.58,2,7,1
869.06,526.80,3,7,2
904.98,520.50,3,7,2
932.71,516.40,3,7,2
891.43,533.41,4,7,2
916.95,528.69,4,7,2
952.56,523.02,4,7,2
707.55,499.48,5,7,1
805.18,493.54,6,7,1
947.79,481.64,7,7,2
965.72,481.39,8,7,2
785.78,386.60,9,7,1
794.47,380.80,10,7,1
873.58,379.29,11,7,1
945.32,357.58,12,7,1
974.10,358.44,13,7,1
732.53,544.16,1,8,1
845.70,532.44,2,8,1
865.91,526.78,3,8,2
905.12,528.80,4,8,2
890.97,519.51,3,8,2
929.37,523.95,4,8,2
924.92,514.75,3,8,2
948.86,520.11,4,8,2
709.49,498.09,5,8,1
804.07,495.26,6,8,1
951.29,473.44,7,8,2
975.25,472.75,8,8,2
788.30,385.38,9,8,1
796.26,380.78,10,8,1
875.59,378.34,11,8,1
938.97,357.80,12,8,2
969.48,356.95,13,8,1
