1684.24,829.86,1,0,3
1774.78,835.96,2,0,3
1780.56,833.33,3,0,3
1839.66,833.58,4,0,3
1674.17,805.60,5,0,3
1746.80,811.26,6,0,3
1793.23,804.71,7,0,3
1843.23,801.14,8,0,3
1725.08,768.92,10,0,3
1782.06,771.17,11,0,3
1764.81,765.36,12,0,3
1815.90,773.39,13,0,3
452.66,788.15,1,1,3
530.96,783.00,2,1,3
415.90,781.16,3,1,3
480.19,784.99,4,1,3
472.88,766.46,5,1,3
538.32,764.99,6,1,3
418.47,751.38,7,1,3
467.97,755.82,8,1,3
451.56,733.74,10,1,3
506.70,731.17,11,1,3
441.27,730.06,12,1,3
483.93,727.89,13,1,3
1413.72,812.02,1,2,3
1467.43,817.85,2,2,3
1523.42,816.79,3,2,3
1575.43,817.27,4,2,3
1405.55,783.41,5,2,3
1439.41,787.50,6,2,3
1541.36,788.09,7,2,3
1583.60,788.67,8,2,3
1476.19,756.56,10,2,3
1503.62,759.48,11,2,3
1537.32,758.42,12,2,3
1562.14,762.96,13,2,3
140.46,785.06,1,3,3
270.88,784.52,2,3,3
112.89,772.97,3,3,3
209.44,776.66,4,3,3
160.58,765.37,5,3,3
280.67,764.74,6,3,3
105.50,741.10,7,3,3
210.36,748.49,8,3,3
151.31,651.73,10,3,3
296.22,656.09,11,3,3
111.71,665.59,12,3,3
200.20,651.94,13,3,3
