1971.24,851.44,1,0,2
1762.04,806.19,2,0,2
1673.12,864.40,3,0,1
1416.33,815.56,4,0,2
1994.19,740.58,5,0,2
1901.88,719.88,6,0,2
1503.27,723.54,7,0,1
1244.43,684.35,8,0,1
1848.05,536.46,10,0,1
1696.85,508.24,11,0,2
1500.29,473.97,12,0,1
1263.44,481.07,13,0,1
-289.45,619.02,1,1,3
-288.09,683.04,2,1,3
-10.22,666.01,3,1,3
20.68,684.92,4,1,3
-269.70,631.96,5,1,3
-256.08,698.02,6,1,3
92.71,616.66,7,1,3
110.01,625.03,8,1,3
-230.20,505.28,10,1,3
-242.11,496.51,11,1,3
72.69,497.72,12,1,3
104.35,501.98,13,1,3
285.71,632.15,1,2,3
394.11,636.44,2,2,3
278.11,619.41,3,2,3
380.97,625.80,4,2,3
292.56,599.51,5,2,3
395.01,602.50,6,2,3
289.48,583.94,7,2,3
393.19,589.59,8,2,3
300.85,539.41,10,2,3
389.63,543.94,11,2,3
302.60,537.38,12,2,3
382.81,541.23,13,2,3
