423.20,453.38,1,0,3
506.11,454.52,2,0,3
393.36,449.65,3,0,3
471.50,450.07,4,0,3
442.13,429.85,5,0,3
510.99,427.84,6,0,3
392.79,415.50,7,0,3
447.03,415.06,8,0,3
424.11,389.69,10,0,3
479.08,390.68,11,0,3
404.03,386.73,12,0,3
457.10,385.03,13,0,3
1708.29,523.02,1,1,3
1827.79,514.58,2,1,3
1467.49,503.35,3,1,3
1575.11,487.05,4,1,3
1828.57,447.85,5,1,3
1910.93,442.09,6,1,3
1437.60,430.91,7,1,3
1502.82,421.59,8,1,3
1613.99,354.22,10,1,3
1699.41,355.59,11,1,3
1492.56,349.59,12,1,3
1565.81,345.48,13,1,3
1784.95,451.70,1,2,3
1819.31,457.86,2,2,3
1868.13,439.61,3,2,3
1897.99,444.83,4,2,3
1771.44,432.98,5,2,3
1798.93,437.48,6,2,3
1882.35,418.76,7,2,3
1904.49,419.09,8,2,3
1808.53,398.64,10,2,3
1854.74,400.62,11,2,3
1868.39,398.97,12,2,3
1888.45,401.27,13,2,3
1230.29,530.58,1,3,3
1471.21,530.58,2,3,3
954.57,485.92,3,3,3
1062.75,482.76,4,3,3
871.88,484.45,3,3,3
999.96,474.84,4,3,3
798.82,479.70,3,3,3
939.80,467.98,4,3,3
1366.30,418.24,5,3,3
1565.28,416.80,6,3,3
808.24,401.64,7,3,3
860.33,401.06,8,3,3
1073.52,147.58,10,3,3
1239.26,171.95,11,3,3
802.04,166.93,12,3,3
868.96,163.13,13,3,3
1147.75,144.16,9,3,3
