1094.65,695.87,1,0,3
1176.66,689.49,2,0,3
1039.07,695.87,3,0,3
1111.18,690.58,4,0,3
1117.49,665.04,5,0,3
1179.47,657.58,6,0,3
1033.60,667.17,7,0,3
1066.42,665.04,8,0,3
1078.25,631.18,10,0,3
1134.29,624.34,11,0,3
1039.98,634.37,12,0,3
1070.15,627.46,13,0,3
874.19,729.61,1,1,3
1001.43,720.26,2,1,3
845.63,720.72,3,1,3
958.31,712.14,4,1,3
887.15,688.29,5,1,3
994.61,674.62,6,1,3
830.00,664.06,7,1,3
916.85,652.87,8,1,3
846.86,602.04,10,1,3
966.00,590.63,11,1,3
832.49,610.64,12,1,3
898.70,591.11,13,1,3
