1555.60,482.21,1,0,3
1637.67,492.77,2,0,3
1833.42,472.23,3,0,3
1942.65,472.23,4,0,3
1500.33,433.29,5,0,3
1553.32,433.29,6,0,3
2005.38,411.66,7,0,3
2094.06,408.42,8,0,3
1699.32,341.37,10,0,3
1767.45,337.04,11,0,3
1909.13,324.06,12,0,3
1987.83,321.38,13,0,3
505.55,579.60,1,1,3
443.25,615.98,2,1,3
909.91,547.65,3,1,3
898.96,591.59,4,1,3
407.30,533.82,5,1,3
377.78,549.22,6,1,3
1022.53,470.83,7,1,3
988.78,478.90,8,1,3
685.55,415.39,10,1,3
665.75,431.43,11,1,3
788.35,410.68,12,1,3
773.26,422.94,13,1,3
1014.16,488.08,1,2,3
953.93,496.76,2,2,3
1229.03,483.78,3,2,3
1154.21,489.64,4,2,3
891.53,445.22,5,2,3
883.94,457.70,6,2,3
1293.49,419.49,7,2,3
1227.74,426.50,8,2,3
1294.13,482.11,9,2,3
1036.53,372.92,10,2,3
1013.83,380.59,11,2,3
1256.31,363.76,12,2,3
1209.40,364.05,13,2,3
332.19,474.77,1,3,3
440.13,462.72,2,3,3
507.26,449.30,3,3,3
600.67,444.63,4,3,3
248.08,460.97,5,3,3
356.65,456.30,6,3,3
575.56,414.27,7,3,3
637.20,409.29,8,3,3
245.74,345.97,10,3,3
341.48,337.22,11,3,3
578.74,328.73,12,3,3
623.43,336.63,13,3,3
