291.86,582.05,1,0,3
360.61,562.57,2,0,3
-60.19,591.80,3,0,3
3.37,564.98,4,0,3
375.47,509.95,5,0,3
456.45,484.42,6,0,3
-160.53,516.99,7,0,3
-109.48,497.63,8,0,3
145.76,430.74,10,0,3
216.17,412.25,11,0,3
73.59,423.70,12,0,3
155.44,410.49,13,0,3
-181.93,733.27,1,1,3
67.79,686.28,2,1,3
-544.44,730.79,3,1,3
-386.01,687.62,4,1,3
-53.04,641.98,5,1,3
114.78,566.79,6,1,3
-590.08,643.32,7,1,3
-481.33,633.92,8,1,3
-255.77,557.39,10,1,3
-143.00,501.00,11,1,3
-453.30,542.09,12,1,3
-375.00,481.76,13,1,3
1394.95,350.69,1,2,3
1471.74,347.31,2,2,3
1359.96,346.36,3,2,3
1427.10,346.52,4,2,3
1409.83,323.70,5,2,3
1474.12,317.75,6,2,3
1353.68,313.78,7,2,3
1402.02,318.19,8,2,3
1390.39,286.75,10,2,3
1445.66,282.50,11,2,3
1383.68,286.70,12,2,3
1426.17,281.21,13,2,3
