305.11,473.31,1,0,3
478.08,479.16,2,0,3
119.91,430.93,3,0,3
256.59,429.57,4,0,3
380.28,433.67,5,0,3
535.41,436.40,6,0,3
115.12,353.71,7,0,3
208.48,352.85,8,0,3
268.89,299.04,10,0,3
402.15,309.29,11,0,3
142.46,268.29,12,0,3
223.94,270.87,13,0,3
2329.41,1104.11,1,1,3
2593.12,1047.60,2,1,3
1509.23,851.83,3,1,3
1707.82,798.54,4,1,3
2749.96,1039.18,5,1,3
2929.86,969.99,6,1,3
1349.04,466.99,7,1,3
1523.31,472.94,8,1,3
1394.59,809.59,9,1,3
2121.47,385.55,10,1,3
2327.13,394.12,11,1,3
1434.04,347.77,12,1,3
1712.68,347.26,13,1,3
