1517.23,430.34,1,0,3
1596.39,427.26,2,0,3
1582.39,427.14,3,0,3
1655.74,422.34,4,0,3
1510.18,410.09,5,0,3
1571.18,410.31,6,0,3
1610.66,401.72,7,0,3
1660.38,398.22,8,0,3
1561.41,374.41,10,0,3
1611.13,375.11,11,0,3
1596.58,371.47,12,0,3
1630.09,372.07,13,0,3
1664.45,416.79,1,1,3
1729.83,416.45,2,1,3
1740.89,413.44,3,1,3
1771.74,413.10,4,1,3
1659.75,398.68,5,1,3
1707.70,396.67,6,1,3
1722.79,387.95,7,1,3
1777.44,385.27,8,1,3
1684.57,362.47,10,1,3
1736.87,362.81,11,1,3
1726.48,357.11,12,1,3
1767.05,357.44,13,1,3
1304.62,426.21,1,2,3
1385.01,421.95,2,2,3
1480.32,417.16,3,2,3
1571.36,413.96,4,2,3
1246.05,411.30,5,2,3
1317.93,409.70,6,2,3
1545.81,367.64,7,2,3
1611.83,368.17,8,2,3
1244.45,322.92,10,2,3
1323.25,316.53,11,2,3
1557.29,317.73,12,2,3
1609.70,319.19,13,2,3
