2147.67,752.30,1,0,3
2172.78,706.51,2,0,3
1765.72,770.19,3,0,3
1796.46,742.13,4,0,3
2280.61,703.56,5,0,3
2290.95,651.86,6,0,3
1654.50,687.84,7,0,3
1650.39,671.44,8,0,3
1973.46,568.01,10,0,3
1993.24,561.31,11,0,3
1823.92,584.08,12,0,3
1846.65,571.61,13,0,3
630.50,756.54,1,1,3
689.37,752.43,2,1,3
703.06,749.24,3,1,3
758.94,745.43,4,1,3
616.14,737.51,5,1,3
665.28,732.90,6,1,3
732.62,717.96,7,1,3
768.44,714.44,8,1,3
661.21,697.34,10,1,3
701.11,694.62,11,1,3
724.34,690.03,12,1,3
752.73,689.56,13,1,3
79.28,915.83,1,2,3
-67.67,920.08,2,2,3
-285.62,984.59,3,2,3
-411.84,948.29,4,2,3
112.17,820.15,5,2,3
75.42,799.80,6,2,3
-508.02,923.78,7,2,3
-562.44,891.69,8,2,3
-177.57,746.27,10,2,3
-220.63,720.64,11,2,3
-416.42,774.97,12,2,3
-457.43,754.47,13,2,3
950.14,718.85,1,3,3
1005.69,711.42,2,3,3
998.35,712.73,3,3,3
1049.50,707.84,4,3,3
939.39,705.44,5,3,3
990.63,698.79,6,3,3
1022.01,685.43,7,3,3
1060.09,682.29,8,3,3
957.62,651.74,10,3,3
1001.71,648.54,11,3,3
1022.01,645.55,12,3,3
1047.04,645.09,13,3,3
