1323.67,511.97,1,0,3
1410.16,519.92,2,0,3
1443.27,517.56,3,0,3
1533.56,525.38,4,0,3
1307.06,471.49,5,0,3
1371.50,479.30,6,0,3
1518.21,484.07,7,0,3
1566.85,490.05,8,0,3
1391.94,436.13,10,0,3
1453.66,440.31,11,0,3
1513.18,440.80,12,0,3
1541.46,445.96,13,0,3
685.72,451.81,1,1,3
758.14,457.84,2,1,3
656.41,443.47,3,1,3
714.17,453.24,4,1,3
707.85,436.57,5,1,3
762.74,437.15,6,1,3
650.95,419.04,7,1,3
697.57,421.74,8,1,3
687.16,392.99,10,1,3
740.28,396.01,11,1,3
670.65,390.04,12,1,3
707.22,391.71,13,1,3
930.20,455.03,1,2,3
877.53,449.63,2,2,3
964.77,460.44,3,2,3
910.75,454.22,4,2,3
910.93,432.87,5,2,3
881.76,430.49,6,2,3
973.63,437.93,7,2,3
927.00,432.97,8,2,3
927.37,410.69,10,2,3
909.34,409.76,11,2,3
956.82,416.52,12,2,3
921.83,415.36,13,2,3
